--
-- PostgreSQL database dump
--

SET statement_timeout = 0;
SET client_encoding = 'UTF8';
SET standard_conforming_strings = off;
SET check_function_bodies = false;
SET client_min_messages = warning;
SET escape_string_warning = off;

SET search_path = public, pg_catalog;


--
-- Name: cg_streetnode_id_seq; Type: SEQUENCE SET; Schema: public; Owner: postgres
--

SELECT pg_catalog.setval('cg_streetnode_id_seq', 405, true);


--
-- Data for Name: cg_street; Type: TABLE DATA; Schema: public; Owner: postgres
--

COPY cg_street (from_id, to_id, length) FROM stdin;
84	83	21.932391803674147
87	86	19.424569051701113
181	89	112.52939097637022
93	92	46.11919818062951
97	96	32.290950489644402
99	100	35.063799413402066
102	101	10.678554024416378
104	105	16.101076171789082
107	106	15.493246176621918
109	110	15.223286811028746
113	112	10.045232246794422
116	117	32.202152343603814
120	119	20.864618242613766
121	174	29.090042185750562
125	124	11.132456630948342
128	129	64.258346014059839
131	130	92.39519606151471
132	168	96.071076050656529
144	134	51.848855632952407
137	138	32.297943111956087
139	138	15.492954662511602
139	141	27.868117016909935
143	141	74.616228429127915
146	147	23.558637103908456
150	148	40.757245075550998
151	152	22.589942164566132
153	152	50.575017642233014
155	156	15.584511937404066
158	157	30.13599648027899
162	164	100.08242000131058
170	164	30.977891574276683
167	168	34.18461911087207
392	169	123.70261002440925
173	174	24.119615312577359
176	175	17.811372760848428
177	185	51.886994970954909
180	179	10.044782624689736
182	183	30.091752591072595
184	183	11.597028412731389
186	191	38.696776078401065
190	189	29.956065911264933
192	193	25.048117575433828
195	194	18.983364684280087
197	198	21.932185876357678
202	199	14.050100333325547
201	397	59.308424988817471
205	204	57.124853221198201
206	208	49.327622255167505
371	207	30.13599648027899
209	210	28.497759003092611
213	212	30.01917181017085
214	215	34.885593114079114
398	214	13.872825310034356
216	217	10.045681848775034
259	218	89.354414725150164
221	222	57.950470689133738
224	223	18.528977968737909
226	227	22.168553425050689
230	229	60.85233995662351
232	233	31.824053858329293
237	236	17.104856310120976
238	239	53.436400377894735
242	241	27.947416236663791
244	245	139.82516076889516
275	245	30.091752591072595
248	249	21.45900654838422
251	250	21.436895903856495
253	254	18.048906843731732
257	256	29.397535401377262
260	261	25.614032590589378
268	262	43.137706693711344
265	266	33.587642943526774
268	267	34.48008280628374
271	272	34.509018886260606
274	272	37.253901230281798
275	276	7.8258010541024472
278	277	43.937929438316367
280	281	40.181266194856669
283	282	65.138830097373415
284	285	37.961137917013289
300	285	57.927552823762795
286	290	41.562767634905597
289	287	46.360357067118215
288	291	57.997447363641243
291	289	37.375059927177183
292	297	20.249001635274354
296	295	35.207639241088152
301	303	16.793888705528108
328	303	43.137392596775705
306	307	10.282961649924385
309	308	37.197120221374135
312	313	26.914076265231472
318	314	20.679367761762837
316	325	31.293102917132074
320	319	25.55489462126436
321	323	51.227712525142096
324	323	21.174460028720997
326	327	25.579978752947063
329	328	13.005781867191073
332	361	27.768430571416676
337	334	28.9523129438316
336	339	25.697124378480012
339	338	17.523782996544956
341	350	30.687268752440986
344	343	29.228358613820468
347	348	6.570946096190486
349	348	7.7922559687005775
350	352	22.371358379164601
353	352	18.254430307557293
354	355	20.565703689900026
365	357	12.84082653903819
360	361	22.311722611039226
364	363	26.309031910291154
365	366	21.436685216656272
368	367	29.936610343770667
371	372	14.312842976205008
376	375	28.9523129438316
378	379	13.329908718153446
384	380	24.570793465954949
384	385	26.756713660332558
387	386	15.584511937404066
390	393	14.947244358516237
394	393	11.176186533655873
399	121	42.0962621303891
401	400	32.290950489644402
404	370	25.555601553534302
83	89	22.454381234274329
87	88	68.776932742602895
90	91	28.068036884560989
92	113	60.223265777085281
96	99	35.06392822001073
100	99	35.063799413402066
102	103	43.469684913796634
105	104	16.101076171789082
106	111	15.950582353091178
110	109	15.223286811028746
112	114	5.5646052717547878
117	116	32.202152343603814
119	127	165.27616807521753
174	121	29.090042185750562
124	128	59.305378829102807
129	128	64.258346014059839
130	133	45.484752029615422
168	132	96.071076050656529
135	136	22.742574606056081
138	137	32.297943111956087
138	145	48.940450348747895
141	139	27.868117016909935
145	147	21.173180205611182
147	146	23.558637103908456
149	151	22.168145956073712
152	151	22.589942164566132
153	154	25.651210703750046
156	155	15.584511937404066
158	160	37.855697885302504
164	162	100.08242000131058
165	166	63.535181446601463
168	167	34.18461911087207
170	171	10.951668471595925
174	173	24.119615312577359
176	177	42.358090852949829
185	177	51.886994970954909
180	181	23.391060545200794
183	182	30.091752591072595
184	185	13.557017253754852
191	186	38.696776078401065
189	191	21.087255114923561
193	192	25.048117575433828
194	198	7.8263781567951742
198	197	21.932185876357678
199	200	23.422705041294417
397	201	59.308424988817471
204	207	70.267986574813449
208	206	49.327622255167505
207	375	22.600735925982725
210	209	28.497759003092611
213	398	27.835198299454159
215	214	34.885593114079114
215	216	33.026528082509174
217	216	10.045681848775034
219	220	27.982624067894953
222	221	57.950470689133738
224	225	53.153353139906507
227	226	22.168553425050689
230	231	11.606760567658016
233	232	31.824053858329293
236	240	14.166626286899726
239	238	53.436400377894735
242	243	16.67351246337693
245	244	139.82516076889516
245	281	102.37754634156732
249	248	21.45900654838422
251	252	15.601890501258836
254	253	18.048906843731732
256	260	16.643960771297508
261	260	25.614032590589378
263	264	41.634099947961815
266	265	33.587642943526774
269	270	31.169313677707901
272	271	34.509018886260606
273	274	29.228358613820468
276	275	7.8258010541024472
277	355	40.134929825985758
281	280	40.181266194856669
282	291	40.101493942871883
285	284	37.961137917013289
286	287	28.9523129438316
290	286	41.562767634905597
287	290	61.137418984286946
291	288	57.997447363641243
290	291	33.606731950595005
297	292	20.249001635274354
297	298	21.59976962502283
303	301	16.793888705528108
304	305	8.0684705331953932
307	306	10.282961649924385
309	310	15.975480396610168
313	312	26.914076265231472
315	316	21.878991871302549
325	316	31.293102917132074
320	321	20.443898023447726
323	321	51.227712525142096
324	325	60.152428623578885
327	326	25.579978752947063
329	330	15.85629684696932
361	332	27.768430571416676
334	360	19.839815876252235
339	336	25.697124378480012
338	340	20.715591106169395
350	341	30.687268752440986
343	346	14.471319774650473
348	347	6.570946096190486
349	359	20.050634345430808
352	350	22.371358379164601
352	355	20.157121303772559
355	354	20.565703689900026
357	367	41.130748541192993
361	360	22.311722611039226
363	383	39.071134654175957
366	365	21.436685216656272
368	369	3.4188582468358071
372	371	14.312842976205008
375	380	56.254700785159017
379	378	13.329908718153446
381	382	16.713824283121699
385	384	26.756713660332558
387	388	12.245259702293726
393	390	14.947244358516237
394	395	17.532543729081855
121	399	42.0962621303891
401	402	7.2903820547871163
370	404	25.555601553534302
89	83	22.454381234274329
88	87	68.776932742602895
91	90	28.068036884560989
113	92	60.223265777085281
99	96	35.06392822001073
100	101	16.101076171789082
103	102	43.469684913796634
104	115	11.734853457274381
111	106	15.950582353091178
109	112	44.6623950956538
114	112	5.5646052717547878
117	118	10.445937507838863
127	119	165.27616807521753
122	123	57.904547889546109
128	124	59.305378829102807
129	130	19.274014963620232
133	130	45.484752029615422
133	134	16.829082259246732
136	135	22.742574606056081
137	144	84.917305432945795
145	138	48.940450348747895
140	159	65.715096887648528
147	145	21.173180205611182
146	148	12.926362884023844
151	149	22.168145956073712
151	161	19.554111644371876
154	153	25.651210703750046
156	157	54.132204990458924
160	158	37.855697885302504
163	220	260.81894069123223
166	165	63.535181446601463
168	169	14.490033502596557
171	170	10.951668471595925
174	175	133.90895959360671
177	176	42.358090852949829
178	179	40.17283515529121
181	180	23.391060545200794
182	196	21.507149962881083
185	184	13.557017253754852
187	188	18.980747421371632
191	189	21.087255114923561
192	194	31.203636261496346
198	194	7.8263781567951742
197	200	39.818026899982151
200	199	23.422705041294417
202	203	23.479711544721074
207	204	70.267986574813449
206	211	42.58184018313775
375	207	22.600735925982725
210	211	48.222562276243352
398	213	27.835198299454159
214	216	49.123569850943696
216	215	33.026528082509174
217	218	31.475865229406338
220	219	27.982624067894953
221	226	40.081666924551897
225	224	53.153353139906507
227	228	10.222169928914322
231	230	11.606760567658016
233	234	19.57857939601713
240	236	14.166626286899726
239	241	19.784192245320163
243	242	16.67351246337693
244	246	41.635510161025778
281	245	102.37754634156732
249	250	12.413035895425885
252	251	15.601890501258836
254	255	11.068170133600976
260	256	16.643960771297508
261	262	6.1049001908036011
264	263	41.634099947961815
265	268	23.377154308551571
270	269	31.169313677707901
271	354	20.211048258675167
274	273	29.228358613820468
276	277	18.938345066158806
355	277	40.134929825985758
280	290	27.108037227795528
291	282	40.101493942871883
284	292	73.78189061170157
287	286	28.9523129438316
286	291	20.156897239908528
290	287	61.137418984286946
288	327	51.290271007717799
291	290	33.606731950595005
293	299	76.581278244743615
298	297	21.59976962502283
302	308	35.019461826568843
305	304	8.0684705331953932
306	308	12.828862268474881
310	309	15.975480396610168
312	314	15.911459240576509
316	315	21.878991871302549
317	318	25.772589211680728
321	320	20.443898023447726
322	331	84.027513317906227
325	324	60.152428623578885
326	339	28.563454409923402
330	329	15.85629684696932
333	334	6.6644461077036565
360	334	19.839815876252235
337	347	53.406471831774908
340	338	20.715591106169395
340	342	44.623445222146714
346	343	14.471319774650473
347	349	10.192967461971099
359	349	20.050634345430808
351	353	22.275864516505834
355	352	20.157121303772559
356	357	72.490240287299869
367	357	41.130748541192993
361	362	14.489721805183184
383	363	39.071134654175957
366	367	21.300781884266573
369	368	3.4188582468358071
373	374	30.580083950946957
380	375	56.254700785159017
379	380	11.992583915185946
382	381	16.713824283121699
384	388	51.888213574208514
388	387	12.245259702293726
391	392	15.373261919119185
395	394	17.532543729081855
399	165	42.759553052863865
402	401	7.2903820547871163
404	216	73.092402989312461
84	85	9.4918012996867791
87	90	18.287060195752208
91	92	10.753154977336283
93	94	23.388357202302036
97	98	32.202993852269195
101	100	16.101076171789082
103	176	38.712645934766542
115	104	11.734853457274381
107	108	27.03730250008671
112	109	44.6623950956538
115	116	35.944343996507925
118	117	10.445937507838863
120	121	62.30920555731754
123	122	57.904547889546109
125	126	8.8730426085127636
130	129	19.274014963620232
131	163	98.135091987349398
134	133	16.829082259246732
136	137	24.923392282786601
144	137	84.917305432945795
138	160	34.516739800619995
159	140	65.715096887648528
145	146	33.570695721728192
148	146	12.926362884023844
150	153	25.047035684570318
161	151	19.554111644371876
154	155	54.861180587406949
157	156	54.132204990458924
158	159	56.263210443356044
220	163	260.81894069123223
165	173	58.973399745640101
169	168	14.490033502596557
171	172	34.578445052301163
175	174	133.90895959360671
177	178	49.002242124559956
179	178	40.17283515529121
180	322	44.581726106206261
196	182	21.507149962881083
185	186	6.6644461077036565
188	187	18.980747421371632
190	193	40.240907429687255
194	192	31.203636261496346
195	197	7.6116434055130187
200	197	39.818026899982151
200	203	13.330247535176266
203	202	23.479711544721074
205	206	20.090464493595071
211	206	42.58184018313775
208	209	14.050743226109216
211	210	48.222562276243352
213	216	29.172367612373531
216	214	49.123569850943696
215	218	9.1709034135378538
218	217	31.475865229406338
219	228	27.829843301436959
226	221	40.081666924551897
225	226	48.09126149113272
228	227	10.222169928914322
231	232	22.66299922349533
234	233	19.57857939601713
237	238	41.214117615009648
241	239	19.784192245320163
242	258	58.592693954747475
246	244	41.635510161025778
246	247	26.726650876457011
250	249	12.413035895425885
252	253	35.119142681083126
255	254	11.068170133600976
257	258	18.181544183901945
262	261	6.1049001908036011
264	265	43.635089154973656
268	265	23.377154308551571
269	272	57.694898872997207
354	271	20.211048258675167
274	275	15.876222905120946
277	276	18.938345066158806
278	279	20.090689298358431
290	280	27.108037227795528
283	284	22.311722611039226
292	284	73.78189061170157
286	288	45.240023902420312
291	286	20.156897239908528
287	328	51.337007877240815
327	288	51.290271007717799
292	293	11.067762067896426
299	293	76.581278244743615
300	301	20.156897239908528
308	302	35.019461826568843
305	306	13.437894149032457
308	306	12.828862268474881
310	311	23.451225614824345
314	312	15.911459240576509
315	330	59.757998021855187
318	317	25.772589211680728
320	324	51.253802525573192
331	322	84.027513317906227
325	326	68.046036461086786
339	326	28.563454409923402
331	332	22.264101843575041
334	333	6.6644461077036565
335	336	32.315557809267901
347	337	53.406471831774908
340	341	9.4918012996867791
342	340	44.623445222146714
344	345	15.601890501258836
349	347	10.192967461971099
349	358	26.293405348350671
353	351	22.275864516505834
353	356	16.064006634092131
357	356	72.490240287299869
358	359	17.559314130916803
362	361	14.489721805183184
364	365	30.056160320338723
367	366	21.300781884266573
369	370	8.9354313633508013
374	373	30.580083950946957
376	377	16.428190024723982
380	379	11.992583915185946
382	383	17.55905691754101
388	384	51.888213574208514
389	390	25.69694862057171
392	391	15.373261919119185
395	396	8.8312052473809928
165	399	42.759553052863865
402	403	7.3704782358283758
216	404	73.092402989312461
85	84	9.4918012996867791
90	87	18.287060195752208
92	91	10.753154977336283
94	93	23.388357202302036
98	97	32.202993852269195
100	181	48.006381969186279
176	103	38.712645934766542
105	106	40.218229473475994
108	107	27.03730250008671
110	11	482.08796255735331
116	115	35.944343996507925
118	119	26.378466417486177
121	120	62.30920555731754
123	124	95.026344617081051
126	125	8.8730426085127636
129	132	84.605912370688841
163	131	98.135091987349398
134	135	81.315669696108074
137	136	24.923392282786601
137	145	36.916431978844955
160	138	34.516739800619995
141	142	19.274483615583474
146	145	33.570695721728192
148	149	18.856607780660575
153	150	25.047035684570318
151	162	19.994467781776972
155	154	54.861180587406949
156	159	31.169313677707901
159	158	56.263210443356044
164	165	8.1081165318271857
173	165	58.973399745640101
169	170	23.390288193397073
172	171	34.578445052301163
174	190	35.689625628527679
178	177	49.002242124559956
178	182	35.84594992449459
322	180	44.581726106206261
182	385	36.764291137181743
186	185	6.6644461077036565
187	189	43.091929117159417
193	190	40.240907429687255
193	201	30.065024782516254
197	195	7.6116434055130187
198	199	10.952080862855144
203	200	13.330247535176266
203	204	8.9349258941741354
206	205	20.090464493595071
207	208	54.13437422666933
209	208	14.050743226109216
210	213	32.356900644158884
216	213	29.172367612373531
214	392	122.71455717287242
218	215	9.1709034135378538
217	263	8.0320033170444756
228	219	27.829843301436959
222	223	16.401225620087409
226	225	48.09126149113272
228	229	34.516739800619995
232	231	22.66299922349533
235	236	20.78415461428385
238	237	41.214117615009648
240	241	84.576013004902961
258	242	58.592693954747475
244	250	39.132467861195209
247	246	26.726650876457011
249	253	16.713824283121699
253	252	35.119142681083126
255	256	37.985520129153144
258	257	18.181544183901945
262	263	67.967670540008484
265	264	43.635089154973656
266	267	26.726481888891598
272	269	57.694898872997207
272	273	22.311520184810121
275	274	15.876222905120946
276	279	44.5967170764252
279	278	20.090689298358431
281	282	59.239238584262772
284	283	22.311722611039226
285	286	60.039848125970323
288	286	45.240023902420312
287	288	35.847713829422226
328	287	51.337007877240815
289	290	18.938345066158806
293	292	11.067762067896426
294	295	24.878955339062998
301	300	20.156897239908528
303	304	7.8263781567951742
306	305	13.437894149032457
307	330	32.204115829617876
311	310	23.451225614824345
314	315	12.285396732971778
330	315	59.757998021855187
317	319	67.189537965146528
324	320	51.253802525573192
322	387	24.197386953365633
326	325	68.046036461086786
327	328	35.118756867377364
332	331	22.264101843575041
333	335	10.061854140192876
336	335	32.315557809267901
337	338	24.533634927648531
341	340	9.4918012996867791
342	343	34.390370696253001
345	344	15.601890501258836
348	350	25.613856262519416
358	349	26.293405348350671
351	358	52.365964136671913
356	353	16.064006634092131
357	358	17.664967411046209
359	358	17.559314130916803
362	363	54.863403322641787
365	364	30.056160320338723
366	372	36.659104744815401
370	369	8.9354313633508013
374	375	13.378272431310682
377	376	16.428190024723982
380	381	19.849602246359666
383	382	17.55905691754101
385	386	53.404949593200733
390	389	25.69694862057171
391	398	123.73926124428091
396	395	8.8312052473809928
399	400	15.347386928533082
403	402	7.3704782358283758
404	405	22.264101843575041
84	86	24.588065916923309
89	90	21.150557227971515
91	96	42.47904485608376
93	95	16.101076171789082
98	99	33.594768982456756
181	100	48.006381969186279
103	104	17.870862726705983
106	105	40.218229473475994
108	109	13.726527936105432
11	110	482.08796255735331
115	175	25.554364409227965
119	118	26.378466417486177
121	122	11.597417855732747
124	123	95.026344617081051
126	127	73.221494108873898
132	129	84.605912370688841
132	166	51.276884626507218
135	134	81.315669696108074
136	147	38.961743527559889
145	137	36.916431978844955
139	140	45.034700194228414
142	141	19.274483615583474
145	160	36.522713342121833
149	148	18.856607780660575
150	157	46.741072569499408
162	151	19.994467781776972
154	157	15.601890501258836
159	156	31.169313677707901
161	163	35.845193938668473
165	164	8.1081165318271857
166	167	13.00508731794665
170	169	23.390288193397073
171	173	76.063250270437678
190	174	35.689625628527679
177	182	61.642110568840543
182	178	35.84594992449459
181	321	44.533680523935281
385	182	36.764291137181743
186	187	21.263856228614156
189	187	43.091929117159417
191	192	19.537936896373722
201	193	30.065024782516254
196	197	26.308516896860777
199	198	10.952080862855144
201	202	7.9278635815327423
204	203	8.9349258941741354
205	391	70.424257552550685
208	207	54.13437422666933
209	212	31.382458433644732
213	210	32.356900644158884
213	215	48.734035484168047
392	214	122.71455717287242
215	220	38.786076001260099
263	217	8.0320033170444756
220	221	24.850437644923865
223	222	16.401225620087409
225	234	44.988744665966095
229	228	34.516739800619995
231	235	35.872903001431226
236	235	20.78415461428385
237	239	55.865250831179573
241	240	84.576013004902961
243	246	7.3863932476433529
250	244	39.132467861195209
247	248	9.4932286740099467
253	249	16.713824283121699
252	269	21.380779935821838
256	255	37.985520129153144
257	259	25.555601553534302
263	262	67.967670540008484
264	369	49.034766769586298
267	266	26.726481888891598
270	271	57.855310016220599
273	272	22.311520184810121
274	276	12.462420974666514
279	276	44.5967170764252
279	280	57.225332879159538
282	281	59.239238584262772
283	297	75.340695582966035
286	285	60.039848125970323
286	289	35.119014076985486
288	287	35.847713829422226
288	289	28.979911157762317
290	289	18.938345066158806
293	294	22.035319387961867
295	294	24.878955339062998
301	302	7.3446965222869096
304	303	7.8263781567951742
305	329	41.025418257580782
330	307	32.204115829617876
311	312	8.8730426085127636
315	314	12.285396732971778
316	317	30.065325226959644
319	317	67.189537965146528
321	322	21.932597729057143
387	322	24.197386953365633
325	335	30.327966950299537
328	327	35.118756867377364
332	333	20.037340035113392
335	333	10.061854140192876
336	337	16.830424066622371
338	337	24.533634927648531
341	347	34.872385201109672
343	342	34.390370696253001
345	346	28.563612529624866
350	348	25.613856262519416
350	351	16.793619768795971
358	351	52.365964136671913
353	354	17.811119187494192
358	357	17.664967411046209
359	360	40.220475386009149
363	362	54.863403322641787
364	373	24.120738801192108
372	366	36.659104744815401
370	371	34.539761427421219
375	374	13.378272431310682
377	378	12.85383382700063
381	380	19.849602246359666
383	384	44.820173822346952
386	385	53.404949593200733
390	391	7.6335662163347875
398	391	123.73926124428091
396	397	14.042383324138475
400	399	15.347386928533082
403	123	29.955462827687541
405	404	22.264101843575041
86	84	24.588065916923309
90	89	21.150557227971515
96	91	42.47904485608376
95	93	16.101076171789082
5	6	40.181153792632209
6	5	40.181153792632209
5	11	62.14982555365328
11	5	62.14982555365328
6	7	34.855026022590067
7	6	34.855026022590067
7	8	47.449584184333602
8	7	47.449584184333602
7	13	42.510185790145755
13	7	42.510185790145755
8	9	46.03362582102551
9	8	46.03362582102551
8	10	16.136381290448433
10	8	16.136381290448433
9	12	58.001107297124221
12	9	58.001107297124221
9	13	68.337522167295788
13	9	68.337522167295788
9	17	55.538324948442813
17	9	55.538324948442813
10	11	27.073360265608894
11	10	27.073360265608894
11	12	28.496332605537486
12	11	28.496332605537486
12	31	100.85468375912623
31	12	100.85468375912623
13	14	52.404933712763601
14	13	52.404933712763601
14	15	33.345670518370831
15	14	33.345670518370831
14	21	49.285119913573574
21	14	49.285119913573574
15	19	36.337120365550838
19	15	36.337120365550838
15	16	17.786759313973803
16	15	17.786759313973803
16	17	39.046273656896602
17	16	39.046273656896602
16	18	35.872147583626422
18	16	35.872147583626422
17	28	63.882906386595714
28	17	63.882906386595714
18	19	17.223266851449615
19	18	17.223266851449615
18	26	35.015592515041362
26	18	35.015592515041362
19	20	12.492825996965653
20	19	12.492825996965653
20	21	32.806030896008096
21	20	32.806030896008096
20	24	33.224635172491524
24	20	33.224635172491524
21	22	45.339747214351668
22	21	45.339747214351668
22	23	30.779997282394724
23	22	30.779997282394724
22	59	39.097597121140545
59	22	39.097597121140545
23	24	13.309224569198342
24	23	13.309224569198342
23	54	40.412933422989347
54	23	40.412933422989347
24	25	15.951148649306829
25	24	15.951148649306829
25	26	11.067353987146037
26	25	11.067353987146037
25	53	54.080952353489671
53	25	54.080952353489671
26	27	69.809044420197509
27	26	69.809044420197509
27	28	12.940331294068805
28	27	12.940331294068805
27	42	59.620891355439838
42	27	59.620891355439838
28	29	93.647907019998797
29	28	93.647907019998797
29	30	7.9369734536350807
30	29	7.9369734536350807
29	36	8.333369591543164
36	29	8.333369591543164
30	31	7.9278635815327423
31	30	7.9278635815327423
31	32	7.6116434055130187
32	31	7.6116434055130187
32	33	7.6329745358148626
33	32	7.6329745358148626
33	34	7.9375424734912539
34	33	7.9375424734912539
34	35	7.0292278231763543
35	34	7.0292278231763543
34	37	163.00282619693917
37	34	163.00282619693917
35	36	8.6042878527075999
36	35	8.6042878527075999
36	38	163.73251387750196
38	36	163.73251387750196
37	38	14.489721805183184
38	37	14.489721805183184
37	114	119.34222667297853
114	37	119.34222667297853
38	39	40.6101516135883
39	38	40.6101516135883
38	113	119.43078799347187
113	38	119.43078799347187
39	40	53.60854438871678
40	39	53.60854438871678
39	94	76.735992935418338
94	39	76.735992935418338
40	41	68.963702182706598
41	40	68.963702182706598
40	88	53.404273028795672
88	40	53.404273028795672
41	42	75.389476742764586
42	41	75.389476742764586
41	46	65.232504836341292
46	41	65.232504836341292
41	78	80.953951465951491
78	41	80.953951465951491
42	43	17.87894817570092
43	42	17.87894817570092
43	44	35.741725453447046
44	43	35.741725453447046
44	45	7.3015247017740172
45	44	7.3015247017740172
46	47	18.739600516041737
47	46	18.739600516041737
47	49	53.610313585048011
49	47	53.610313585048011
47	48	3.6439517987234327
48	47	3.6439517987234327
48	60	65.714134690690827
60	48	65.714134690690827
48	63	48.424628797941111
63	48	48.424628797941111
49	50	20.805873557902476
50	49	20.805873557902476
49	51	35.573899509608239
51	49	35.573899509608239
51	52	9.3696797515426411
52	51	9.3696797515426411
51	56	14.116164486823919
56	51	14.116164486823919
52	53	18.235121565304436
53	52	18.235121565304436
52	55	14.043026570208491
55	52	14.043026570208491
53	54	14.689700505211631
54	53	14.689700505211631
54	55	17.435933570884739
55	54	17.435933570884739
54	59	30.638219642567819
59	54	30.638219642567819
55	56	10.678554024416378
56	55	10.678554024416378
56	57	17.709398657301996
57	56	17.709398657301996
57	58	14.689700505211631
58	57	14.689700505211631
57	50	70.870613534462521
50	57	70.870613534462521
58	59	26.619127825555463
59	58	26.619127825555463
60	61	40.306623758629584
61	60	40.306623758629584
61	62	30.780290748038201
62	61	30.780290748038201
61	67	37.293644940124331
67	61	37.293644940124331
62	63	44.530637920030294
63	62	44.530637920030294
63	64	45.239424899118049
64	63	45.239424899118049
64	65	58.037849576494999
65	64	58.037849576494999
64	69	58.868538712575294
69	64	58.868538712575294
64	77	106.66713416031622
77	64	106.66713416031622
65	66	20.211048258675167
66	65	20.211048258675167
66	67	9.1812396020691818
67	66	9.1812396020691818
67	68	6.7786751975095489
68	67	6.7786751975095489
68	299	62.112025411100788
299	68	62.112025411100788
69	70	78.79382493515314
70	69	78.79382493515314
69	300	68.047961266976102
300	69	68.047961266976102
70	71	16.917413264517975
71	70	16.917413264517975
70	310	36.86929993724241
310	70	36.86929993724241
71	72	11.981657416002847
72	71	11.981657416002847
72	73	8.5521641056549935
73	72	8.5521641056549935
73	74	12.92671227823374
74	73	12.92671227823374
74	75	12.28576435559804
75	74	12.28576435559804
74	313	25.036214204586866
313	74	25.036214204586866
75	76	35.707085007637922
76	75	35.707085007637922
75	81	48.067401338713815
81	75	48.067401338713815
76	77	13.603245641081109
77	76	13.603245641081109
77	78	8.5516359823886301
78	77	8.5516359823886301
78	79	30.13599648027899
79	78	30.13599648027899
79	80	16.311760709856994
80	79	16.311760709856994
79	88	63.603103288853127
88	79	63.603103288853127
80	81	38.761614768658461
81	80	38.761614768658461
81	82	33.025707557842701
82	81	33.025707557842701
81	85	23.558828814447079
85	81	23.558828814447079
82	83	25.645047446851045
83	82	25.645047446851045
82	313	63.657615620723213
313	82	63.657615620723213
83	84	21.932391803674147
86	87	19.424569051701113
89	181	112.52939097637022
92	93	46.11919818062951
96	97	32.290950489644402
99	98	33.594768982456756
101	102	10.678554024416378
104	103	17.870862726705983
106	107	15.493246176621918
109	108	13.726527936105432
112	113	10.045232246794422
175	115	25.554364409227965
119	120	20.864618242613766
122	121	11.597417855732747
124	125	11.132456630948342
127	126	73.221494108873898
130	131	92.39519606151471
166	132	51.276884626507218
134	144	51.848855632952407
147	136	38.961743527559889
138	139	15.492954662511602
140	139	45.034700194228414
141	143	74.616228429127915
160	145	36.522713342121833
148	150	40.757245075550998
157	150	46.741072569499408
152	153	50.575017642233014
157	154	15.601890501258836
157	158	30.13599648027899
163	161	35.845193938668473
164	170	30.977891574276683
167	166	13.00508731794665
169	392	123.70261002440925
173	171	76.063250270437678
175	176	17.811372760848428
182	177	61.642110568840543
179	180	10.044782624689736
321	181	44.533680523935281
183	184	11.597028412731389
187	186	21.263856228614156
189	190	29.956065911264933
192	191	19.537936896373722
194	195	18.983364684280087
197	196	26.308516896860777
199	202	14.050100333325547
202	201	7.9278635815327423
204	205	57.124853221198201
391	205	70.424257552550685
207	371	30.13599648027899
212	209	31.382458433644732
212	213	30.01917181017085
215	213	48.734035484168047
214	398	13.872825310034356
220	215	38.786076001260099
218	259	89.354414725150164
221	220	24.850437644923865
223	224	18.528977968737909
234	225	44.988744665966095
229	230	60.85233995662351
235	231	35.872903001431226
236	237	17.104856310120976
239	237	55.865250831179573
241	242	27.947416236663791
246	243	7.3863932476433529
245	275	30.091752591072595
248	247	9.4932286740099467
250	251	21.436895903856495
269	252	21.380779935821838
256	257	29.397535401377262
259	257	25.555601553534302
262	268	43.137706693711344
369	264	49.034766769586298
267	268	34.48008280628374
271	270	57.855310016220599
272	274	37.253901230281798
276	274	12.462420974666514
277	278	43.937929438316367
280	279	57.225332879159538
282	283	65.138830097373415
297	283	75.340695582966035
285	300	57.927552823762795
289	286	35.119014076985486
287	289	46.360357067118215
289	288	28.979911157762317
289	291	37.375059927177183
294	293	22.035319387961867
295	296	35.207639241088152
302	301	7.3446965222869096
303	328	43.137392596775705
329	305	41.025418257580782
308	309	37.197120221374135
312	311	8.8730426085127636
314	318	20.679367761762837
317	316	30.065325226959644
319	320	25.55489462126436
322	321	21.932597729057143
323	324	21.174460028720997
335	325	30.327966950299537
328	329	13.005781867191073
333	332	20.037340035113392
334	337	28.9523129438316
337	336	16.830424066622371
338	339	17.523782996544956
347	341	34.872385201109672
343	344	29.228358613820468
346	345	28.563612529624866
348	349	7.7922559687005775
351	350	16.793619768795971
352	353	18.254430307557293
354	353	17.811119187494192
357	365	12.84082653903819
360	359	40.220475386009149
363	364	26.309031910291154
373	364	24.120738801192108
367	368	29.936610343770667
371	370	34.539761427421219
375	376	28.9523129438316
378	377	12.85383382700063
380	384	24.570793465954949
384	383	44.820173822346952
386	387	15.584511937404066
391	390	7.6335662163347875
393	394	11.176186533655873
397	396	14.042383324138475
400	401	32.290950489644402
123	403	29.955462827687541
\.


--
-- Data for Name: cg_streetnode; Type: TABLE DATA; Schema: public; Owner: postgres
--

COPY cg_streetnode (id, latitude, longitude) FROM stdin;
5	8.4052399999999992	49.013910000000003
6	8.4052000000000007	49.013550000000002
7	8.4053799999999992	49.013260000000002
8	8.4058700000000002	49.013539999999999
9	8.4064300000000003	49.013350000000003
10	8.4060299999999994	49.013640000000002
11	8.4060900000000007	49.01388
12	8.4064800000000002	49.013869999999997
13	8.4057200000000005	49.012949999999996
14	8.4062000000000001	49.012599999999999
15	8.4065399999999997	49.012799999999999
16	8.4067299999999996	49.012900000000002
17	8.4071200000000008	49.01314
18	8.4070400000000003	49.012650000000001
19	8.40686	49.012549999999997
20	8.4069800000000008	49.01247
21	8.4066500000000008	49.012270000000001
22	8.4070699999999992	49.011969999999998
23	8.4073899999999995	49.012149999999998
24	8.4072700000000005	49.012239999999998
25	8.4074399999999994	49.012329999999999
26	8.4073499999999992	49.012410000000003
27	8.4080600000000008	49.012830000000001
28	8.4078999999999997	49.012880000000003
29	8.4079700000000006	49.013719999999999
30	8.4078800000000005	49.013759999999998
31	8.4078599999999994	49.013829999999999
32	8.4079099999999993	49.013890000000004
33	8.4080100000000009	49.013910000000003
34	8.4080999999999992	49.013869999999997
35	8.4081299999999999	49.013809999999999
36	8.40808	49.013739999999999
37	8.4103300000000001	49.013800000000003
38	8.4103200000000005	49.013669999999998
39	8.4102300000000003	49.013309999999997
40	8.4100699999999993	49.012839999999997
41	8.4097000000000008	49.012270000000001
42	8.4087899999999998	49.012590000000003
43	8.4089100000000006	49.012729999999998
44	8.4089500000000008	49.01305
45	8.4090500000000006	49.01305
46	8.4092599999999997	49.011760000000002
47	8.4090799999999994	49.01164
48	8.4090600000000002	49.011609999999997
49	8.4085599999999996	49.011980000000001
50	8.4083900000000007	49.012129999999999
51	8.4081799999999998	49.011780000000002
52	8.4080899999999996	49.011839999999999
53	8.4079200000000007	49.011960000000002
54	8.4077599999999997	49.011879999999998
55	8.4079300000000003	49.011769999999999
56	8.4080300000000001	49.011699999999998
57	8.4078300000000006	49.011609999999997
58	8.4076699999999995	49.01153
59	8.4074299999999997	49.011710000000001
60	8.4084599999999998	49.01117
61	8.4088100000000008	49.010890000000003
62	8.4091299999999993	49.011069999999997
63	8.4095800000000001	49.011339999999997
64	8.4100800000000007	49.011099999999999
65	8.4095200000000006	49.010730000000002
66	8.4092500000000001	49.010689999999997
67	8.4091500000000003	49.010640000000002
68	8.4090799999999994	49.010599999999997
69	8.4107099999999999	49.010770000000001
70	8.4113699999999998	49.011330000000001
71	8.4114900000000006	49.01146
72	8.4115800000000007	49.01155
73	8.4114799999999992	49.011589999999998
74	8.4115699999999993	49.011690000000002
75	8.4114199999999997	49.011740000000003
76	8.4109800000000003	49.011879999999998
77	8.4108099999999997	49.01193
78	8.4107099999999999	49.011969999999998
79	8.4107400000000005	49.012239999999998
80	8.4109499999999997	49.012189999999997
81	8.4114799999999992	49.012169999999998
82	8.4119299999999999	49.012140000000002
83	8.4119499999999992	49.012369999999997
84	8.4116499999999998	49.01238
85	8.4115199999999994	49.01238
86	8.4116800000000005	49.012599999999999
87	8.41174	49.012770000000003
88	8.4108000000000001	49.012810000000002
89	8.4119899999999994	49.012569999999997
90	8.4119899999999994	49.01276
91	8.4120399999999993	49.013010000000001
92	8.4118999999999993	49.013039999999997
93	8.41127	49.013069999999999
94	8.4112799999999996	49.013280000000002
95	8.4110499999999995	49.013080000000002
96	8.4126200000000004	49.012979999999999
97	8.4126100000000008	49.012689999999999
98	8.4130500000000001	49.01267
99	8.4131	49.012970000000003
100	8.4135799999999996	49.01296
101	8.4138000000000002	49.012970000000003
102	8.4138999999999999	49.013039999999997
103	8.4139300000000006	49.01343
104	8.4139499999999998	49.013590000000001
105	8.4137299999999993	49.013599999999997
106	8.4131800000000005	49.013620000000003
107	8.4130500000000001	49.013730000000002
108	8.4126799999999999	49.013739999999999
109	8.4125700000000005	49.013640000000002
110	8.4126700000000003	49.01352
111	8.4130400000000005	49.013509999999997
112	8.4119600000000005	49.013669999999998
113	8.4119499999999992	49.013579999999997
114	8.4119600000000005	49.013719999999999
115	8.4141100000000009	49.013579999999997
116	8.4143799999999995	49.013849999999998
117	8.4148200000000006	49.013869999999997
118	8.41493	49.013930000000002
119	8.4152900000000006	49.013950000000001
120	8.4154800000000005	49.013809999999999
121	8.4163300000000003	49.013759999999998
122	8.4164100000000008	49.013849999999998
123	8.4164300000000001	49.01437
124	8.4165500000000009	49.015219999999999
125	8.4165500000000009	49.015320000000003
126	8.4164700000000003	49.01538
127	8.4154699999999991	49.015430000000002
128	8.4173600000000004	49.015180000000001
129	8.4182400000000008	49.015189999999997
130	8.4184999999999999	49.015219999999999
131	8.4184999999999999	49.014389999999999
132	8.4182500000000005	49.014429999999997
133	8.4191199999999995	49.015259999999998
134	8.4193499999999997	49.015270000000001
135	8.4193099999999994	49.014539999999997
136	8.4196200000000001	49.014519999999997
137	8.4199599999999997	49.014499999999998
138	8.4204000000000008	49.014470000000003
139	8.4206099999999999	49.014449999999997
140	8.4212199999999999	49.014389999999999
141	8.4206299999999992	49.014699999999998
142	8.4203700000000001	49.01473
143	8.4206599999999998	49.015369999999997
144	8.4200599999999994	49.015259999999998
145	8.4199099999999998	49.01417
146	8.4195799999999998	49.013959999999997
147	8.4196200000000001	49.01417
148	8.4194899999999997	49.013860000000001
149	8.4193700000000007	49.013710000000003
150	8.41981	49.013559999999998
151	8.4191400000000005	49.013579999999997
152	8.4193999999999996	49.013469999999998
153	8.4200900000000001	49.01343
154	8.4204399999999993	49.01341
155	8.4211899999999993	49.013379999999998
156	8.4211899999999993	49.01352
157	8.4204500000000007	49.013550000000002
158	8.42042	49.013820000000003
159	8.4211899999999993	49.013800000000003
160	8.4204100000000004	49.014159999999997
161	8.4189100000000003	49.013489999999997
162	8.4188700000000001	49.01361
163	8.4184199999999993	49.013509999999997
164	8.4175000000000004	49.013640000000002
165	8.4173899999999993	49.013649999999998
166	8.4181000000000008	49.013979999999997
167	8.4180399999999995	49.013869999999997
168	8.4181399999999993	49.013570000000001
169	8.4181299999999997	49.013440000000003
170	8.4178099999999993	49.013449999999999
171	8.4176599999999997	49.013449999999999
172	8.4176300000000008	49.01314
173	8.41662	49.013489999999997
174	8.41629	49.013500000000001
175	8.4144600000000001	49.013579999999997
176	8.4144600000000001	49.013420000000004
177	8.4144299999999994	49.013039999999997
178	8.4144100000000002	49.012599999999999
179	8.4138599999999997	49.012610000000002
180	8.4138500000000001	49.012520000000002
181	8.4135299999999997	49.012529999999998
182	8.4148999999999994	49.01258
183	8.4149200000000004	49.01285
184	8.4149999999999991	49.01294
185	8.4151399999999992	49.013019999999997
186	8.4152299999999993	49.013010000000001
187	8.41526	49.013199999999998
188	8.4152799999999992	49.013370000000002
189	8.4158500000000007	49.013190000000002
190	8.4162599999999994	49.013179999999998
191	8.4157600000000006	49.013010000000001
192	8.41587	49.01285
193	8.4162099999999995	49.012819999999998
194	8.4158500000000007	49.012569999999997
195	8.4155899999999999	49.012569999999997
196	8.4151799999999994	49.012520000000002
197	8.41554	49.012509999999999
198	8.4158399999999993	49.012500000000003
199	8.4159900000000007	49.012500000000003
200	8.4159699999999997	49.01229
201	8.4161999999999999	49.012549999999997
202	8.4161800000000007	49.012479999999996
203	8.41615	49.012270000000001
204	8.4161400000000004	49.012189999999997
205	8.4169199999999993	49.012149999999998
206	8.4169	49.011969999999998
207	8.4160799999999991	49.011560000000003
208	8.4168199999999995	49.01153
209	8.4170099999999994	49.011510000000001
210	8.4174000000000007	49.011499999999998
211	8.4174799999999994	49.01193
212	8.4169599999999996	49.011229999999998
213	8.41737	49.011209999999998
214	8.4179399999999998	49.011229999999998
215	8.4178700000000006	49.010919999999999
216	8.4174199999999999	49.010950000000001
217	8.4174100000000003	49.010860000000001
218	8.41784	49.010840000000002
219	8.4182000000000006	49.010919999999999
220	8.4182400000000008	49.01117
221	8.4185800000000004	49.011159999999997
